Wind_Cap = 8000
Solar_Cap = 12000
Nuclear_Cap = 5000
PHS_Cap = 6000
horizon = 72
load_percentage = 1.0
PHS_percentage = 0.1
model_name = "ap1000"
VRE_percentage = 0.2
mAP300 = 0.001137
mAP100 = 0.001137
q = 0.11
nuclear_unit = 0
pmin = 1
PHS_duration = 4
cost_frac = 1.0
k_init_ap1000 = 1.205
mAP1000 = 0.001137
start_day = 0
end_day = 360
refuel_span = 10
